0 0
0.425883 1
0.00493333 2
0.00428333 3
0.00396667 4
0.004 5
1.07845 6
0.00396667 7
0.00383333 8
0.00431667 9
1.38428 10
0.00381667 11
0.00385 12
0.00383333 13
0.00383333 14
1.38383 15
0.00383333 16
0.00378333 17
0.00381667 18
0.0039 19
1.38223 20
0.00386667 21
0.00395 22
0.00383333 23
0.00378333 24
0.00378333 25
0.00381667 26
0.0038 27
0.00388333 28
0.00376667 29
0.0038 30
0.0039 31
0.00388333 32
0.00378333 33
0.00391667 34
0.00385 35
0.00383333 36
0.00383333 37
0.0038 38
0.0038 39
0.00381667 40
0.00383333 41
0.00376667 42
0.00381667 43
0.00385 44
0.0038 45
0.00375 46
0.00378333 47
0.0038 48
0.00385 49
0.0038 50
0.0038 51
0.00385 52
0.00376667 53
0.00381667 54
0.00385 55
0.00376667 56
0.00375 57
0.00376667 58
0.00383333 59
0.00383333 60
0.00376667 61
0.00376667 62
0.00378333 63
0.00381667 64
0.00383333 65
0.00378333 66
0.00386667 67
0.00383333 68
0.00381667 69
0.00375 70
0.00386667 71
0.00381667 72
0.0038 73
0.00381667 74
0.00385 75
0.00383333 76
0.0044 77
0.00376667 78
0.00385 79
0.00378333 80
0.00378333 81
0.00381667 82
0.00383333 83
0.00381667 84
0.00378333 85
0.0038 86
0.00381667 87
0.00391667 88
0.0038 89
0.00375 90
0.00388333 91
0.00383333 92
0.00391667 93
0.00381667 94
0.0039 95
0.0039 96
0.00393333 97
0.00373333 98
0.00381667 99
0.00385 100
0.0038 101
0.00381667 102
0.00381667 103
0.00381667 104
0.00386667 105
0.00385 106
0.00381667 107
0.00383333 108
0.00381667 109
0.00385 110
0.00383333 111
0.00386667 112
0.00376667 113
0.0038 114
0.00386667 115
0.00388333 116
0.00378333 117
0.00385 118
0.00386667 119
0.00385 120
0.00396667 121
0.0038 122
0.00383333 123
0.00388333 124
0.00386667 125
0.00385 126
0.00388333 127
0.00395 128
0.00383333 129
0.00381667 130
0.00383333 131
0.00386667 132
0.0038 133
0.0039 134
0.00393333 135
0.00381667 136
0.00383333 137
0.0039 138
0.0039 139
0.00386667 140
0.00383333 141
0.00388333 142
0.00385 143
0.00378333 144
0.00386667 145
0.00385 146
0.00393333 147
0.00388333 148
0.00386667 149
0.00386667 150
0.00423333 151
0.0038 152
0.00381667 153
0.00381667 154
0.00383333 155
0.00391667 156
0.00385 157
0.00376667 158
0.00381667 159
0.00386667 160
0.00378333 161
0.0038 162
0.00385 163
0.00386667 164
0.00383333 165
0.00381667 166
0.00378333 167
0.00385 168
0.00395 169
0.0038 170
0.00383333 171
0.00391667 172
0.00388333 173
0.00395 174
0.00383333 175
0.00386667 176
0.00383333 177
0.00381667 178
0.00388333 179
0.00381667 180
0.0038 181
0.0038 182
0.00381667 183
0.0039 184
0.00391667 185
0.00386667 186
0.00386667 187
0.00378333 188
0.00393333 189
0.00376667 190
0.00383333 191
0.00383333 192
0.00381667 193
0.00381667 194
0.00376667 195
0.00381667 196
0.0038 197
0.00388333 198
0.00388333 199
0.00386667 200
0.00381667 201
0.0038 202
0.0039 203
0.00383333 204
0.00378333 205
0.00376667 206
0.00385 207
0.00385 208
0.0039 209
0.00385 210
0.0038 211
0.00386667 212
0.00388333 213
0.00381667 214
0.00388333 215
0.00383333 216
0.0038 217
0.00395 218
0.0038 219
0.00386667 220
0.0038 221
0.0038 222
0.0039 223
0.00383333 224
0.00383333 225
0.00691667 226
0.00388333 227
0.00381667 228
0.00381667 229
0.00376667 230
0.0038 231
0.00391667 232
0.0038 233
0.0038 234
0.00386667 235
0.00376667 236
0.00381667 237
0.00378333 238
0.0038 239
0.0038 240
0.00395 241
0.00381667 242
0.00388333 243
0.00375 244
0.00393333 245
0.00376667 246
0.00388333 247
0.00383333 248
0.0165167 249
 
