0 0
0.425883 1
0.430817 2
0.4351 3
0.439067 4
0.443067 5
1.52152 6
1.52548 7
1.52932 8
1.53363 9
2.91792 10
2.92173 11
2.92558 12
2.92942 13
2.93325 14
4.31708 15
4.32092 16
4.3247 17
4.32852 18
4.33242 19
5.71465 20
5.71852 21
5.72247 22
5.7263 23
5.73008 24
5.73387 25
5.73768 26
5.74148 27
5.74537 28
5.74913 29
5.75293 30
5.75683 31
5.76072 32
5.7645 33
5.76842 34
5.77227 35
5.7761 36
5.77993 37
5.78373 38
5.78753 39
5.79135 40
5.79518 41
5.79895 42
5.80277 43
5.80662 44
5.81042 45
5.81417 46
5.81795 47
5.82175 48
5.8256 49
5.8294 50
5.8332 51
5.83705 52
5.84082 53
5.84463 54
5.84848 55
5.85225 56
5.856 57
5.85977 58
5.8636 59
5.86743 60
5.8712 61
5.87497 62
5.87875 63
5.88257 64
5.8864 65
5.89018 66
5.89405 67
5.89788 68
5.9017 69
5.90545 70
5.90932 71
5.91313 72
5.91693 73
5.92075 74
5.9246 75
5.92843 76
5.93283 77
5.9366 78
5.94045 79
5.94423 80
5.94802 81
5.95183 82
5.95567 83
5.95948 84
5.96327 85
5.96707 86
5.97088 87
5.9748 88
5.9786 89
5.98235 90
5.98623 91
5.99007 92
5.99398 93
5.9978 94
6.0017 95
6.0056 96
6.00953 97
6.01327 98
6.01708 99
6.02093 100
6.02473 101
6.02855 102
6.03237 103
6.03618 104
6.04005 105
6.0439 106
6.04772 107
6.05155 108
6.05537 109
6.05922 110
6.06305 111
6.06692 112
6.07068 113
6.07448 114
6.07835 115
6.08223 116
6.08602 117
6.08987 118
6.09373 119
6.09758 120
6.10155 121
6.10535 122
6.10918 123
6.11307 124
6.11693 125
6.12078 126
6.12467 127
6.12862 128
6.13245 129
6.13627 130
6.1401 131
6.14397 132
6.14777 133
6.15167 134
6.1556 135
6.15942 136
6.16325 137
6.16715 138
6.17105 139
6.17492 140
6.17875 141
6.18263 142
6.18648 143
6.19027 144
6.19413 145
6.19798 146
6.20192 147
6.2058 148
6.20967 149
6.21353 150
6.21777 151
6.22157 152
6.22538 153
6.2292 154
6.23303 155
6.23695 156
6.2408 157
6.24457 158
6.24838 159
6.25225 160
6.25603 161
6.25983 162
6.26368 163
6.26755 164
6.27138 165
6.2752 166
6.27898 167
6.28283 168
6.28678 169
6.29058 170
6.29442 171
6.29833 172
6.30222 173
6.30617 174
6.31 175
6.31387 176
6.3177 177
6.32152 178
6.3254 179
6.32922 180
6.33302 181
6.33682 182
6.34063 183
6.34453 184
6.34845 185
6.35232 186
6.35618 187
6.35997 188
6.3639 189
6.36767 190
6.3715 191
6.37533 192
6.37915 193
6.38297 194
6.38673 195
6.39055 196
6.39435 197
6.39823 198
6.40212 199
6.40598 200
6.4098 201
6.4136 202
6.4175 203
6.42133 204
6.42512 205
6.42888 206
6.43273 207
6.43658 208
6.44048 209
6.44433 210
6.44813 211
6.452 212
6.45588 213
6.4597 214
6.46358 215
6.46742 216
6.47122 217
6.47517 218
6.47897 219
6.48283 220
6.48663 221
6.49043 222
6.49433 223
6.49817 224
6.502 225
6.50892 226
6.5128 227
6.51662 228
6.52043 229
6.5242 230
6.528 231
6.53192 232
6.53572 233
6.53952 234
6.54338 235
6.54715 236
6.55097 237
6.55475 238
6.55855 239
6.56235 240
6.5663 241
6.57012 242
6.574 243
6.57775 244
6.58168 245
6.58545 246
6.58933 247
6.59317 248
6.60968 249
 
