0 0
0.59615 1
0.00426667 2
0.00415 3
0.00383333 4
0.00376667 5
0.00371667 6
0.25705 7
0.00361667 8
0.0038 9
0.37265 10
0.00371667 11
0.00368333 12
0.00365 13
0.00366667 14
0.371417 15
0.00375 16
0.00368333 17
0.00373333 18
0.00365 19
0.00375 20
0.00361667 21
0.00385 22
0.00388333 23
0.00365 24
0.00368333 25
0.00365 26
0.00363333 27
0.00373333 28
0.00366667 29
0.00363333 30
0.00361667 31
0.0036 32
0.00361667 33
0.00365 34
0.0037 35
0.00365 36
0.00365 37
0.00365 38
0.00363333 39
0.00363333 40
0.00363333 41
0.00363333 42
0.00376667 43
0.00365 44
0.00363333 45
0.00395 46
0.0036 47
0.00365 48
0.00363333 49
0.00365 50
0.00365 51
0.00365 52
0.00368333 53
0.00361667 54
0.00378333 55
0.00366667 56
0.00363333 57
0.00378333 58
0.00365 59
0.00368333 60
0.0037 61
0.00366667 62
0.00373333 63
0.00365 64
0.00378333 65
0.00373333 66
0.00378333 67
0.00375 68
0.00393333 69
0.00361667 70
0.00368333 71
0.00373333 72
0.00378333 73
0.00378333 74
0.00365 75
0.00366667 76
0.00361667 77
0.0037 78
0.00361667 79
0.00361667 80
0.00365 81
0.00365 82
0.0037 83
0.00365 84
0.00366667 85
0.00368333 86
0.00378333 87
0.00386667 88
0.00376667 89
0.00363333 90
0.00363333 91
0.004 92
0.00383333 93
0.00375 94
0.00368333 95
0.00375 96
0.00375 97
0.00366667 98
0.00363333 99
0.00363333 100
0.00361667 101
0.00383333 102
0.00371667 103
0.00366667 104
0.0037 105
0.00373333 106
0.0037 107
0.00368333 108
0.0037 109
0.00363333 110
0.00371667 111
0.00371667 112
0.0037 113
0.00368333 114
0.00388333 115
0.00365 116
0.00365 117
0.0037 118
0.00368333 119
0.00368333 120
0.00365 121
0.00365 122
0.00368333 123
0.00365 124
0.00385 125
0.00365 126
0.00368333 127
0.00366667 128
0.00368333 129
0.00376667 130
0.00378333 131
0.00366667 132
0.00375 133
0.00375 134
0.00375 135
0.00368333 136
0.00365 137
0.00393333 138
0.00366667 139
0.0037 140
0.00368333 141
0.00368333 142
0.00366667 143
0.00366667 144
0.00366667 145
0.00366667 146
0.00366667 147
0.00365 148
0.00366667 149
0.00368333 150
0.00368333 151
0.00366667 152
0.00366667 153
0.0037 154
0.00366667 155
0.00371667 156
0.00373333 157
0.00366667 158
0.00368333 159
0.00368333 160
0.00403333 161
0.00366667 162
0.00366667 163
0.00366667 164
0.00368333 165
0.0037 166
0.00365 167
0.00366667 168
0.00366667 169
0.00365 170
0.0037 171
0.00368333 172
0.00376667 173
0.00366667 174
0.0037 175
0.00365 176
0.00376667 177
0.0037 178
0.00385 179
0.00383333 180
0.00378333 181
0.00368333 182
0.00366667 183
0.00406667 184
0.0037 185
0.00368333 186
0.00368333 187
0.00378333 188
0.00371667 189
0.00368333 190
0.00365 191
0.00366667 192
0.00368333 193
0.00378333 194
0.00366667 195
0.0037 196
0.00368333 197
0.00371667 198
0.00375 199
0.00383333 200
0.00368333 201
0.0037 202
0.00371667 203
0.0037 204
0.00371667 205
0.00366667 206
0.004 207
0.00363333 208
0.00366667 209
0.00363333 210
0.00365 211
0.00363333 212
0.00366667 213
0.00368333 214
0.00368333 215
0.0064 216
0.00378333 217
0.00373333 218
0.0037 219
0.00368333 220
0.00368333 221
0.00368333 222
0.00366667 223
0.00368333 224
0.00371667 225
0.00718333 226
0.00368333 227
0.00396667 228
0.00365 229
0.00365 230
0.00366667 231
0.00363333 232
0.00363333 233
0.00365 234
0.00365 235
0.00365 236
0.00365 237
0.00365 238
0.00363333 239
0.0037 240
0.00386667 241
0.00373333 242
0.00373333 243
0.00366667 244
0.00365 245
0.00373333 246
0.00383333 247
0.00375 248
0.0137 249
 
