0 0
0.59615 1
0.600417 2
0.604567 3
0.6084 4
0.612167 5
0.615883 6
0.872933 7
0.87655 8
0.88035 9
1.253 10
1.25672 11
1.2604 12
1.26405 13
1.26772 14
1.63913 15
1.64288 16
1.64657 17
1.6503 18
1.65395 19
1.6577 20
1.66132 21
1.66517 22
1.66905 23
1.6727 24
1.67638 25
1.68003 26
1.68367 27
1.6874 28
1.69107 29
1.6947 30
1.69832 31
1.70192 32
1.70553 33
1.70918 34
1.71288 35
1.71653 36
1.72018 37
1.72383 38
1.72747 39
1.7311 40
1.73473 41
1.73837 42
1.74213 43
1.74578 44
1.74942 45
1.75337 46
1.75697 47
1.76062 48
1.76425 49
1.7679 50
1.77155 51
1.7752 52
1.77888 53
1.7825 54
1.78628 55
1.78995 56
1.79358 57
1.79737 58
1.80102 59
1.8047 60
1.8084 61
1.81207 62
1.8158 63
1.81945 64
1.82323 65
1.82697 66
1.83075 67
1.8345 68
1.83843 69
1.84205 70
1.84573 71
1.84947 72
1.85325 73
1.85703 74
1.86068 75
1.86435 76
1.86797 77
1.87167 78
1.87528 79
1.8789 80
1.88255 81
1.8862 82
1.8899 83
1.89355 84
1.89722 85
1.9009 86
1.90468 87
1.90855 88
1.91232 89
1.91595 90
1.91958 91
1.92358 92
1.92742 93
1.93117 94
1.93485 95
1.9386 96
1.94235 97
1.94602 98
1.94965 99
1.95328 100
1.9569 101
1.96073 102
1.96445 103
1.96812 104
1.97182 105
1.97555 106
1.97925 107
1.98293 108
1.98663 109
1.99027 110
1.99398 111
1.9977 112
2.0014 113
2.00508 114
2.00897 115
2.01262 116
2.01627 117
2.01997 118
2.02365 119
2.02733 120
2.03098 121
2.03463 122
2.03832 123
2.04197 124
2.04582 125
2.04947 126
2.05315 127
2.05682 128
2.0605 129
2.06427 130
2.06805 131
2.07172 132
2.07547 133
2.07922 134
2.08297 135
2.08665 136
2.0903 137
2.09423 138
2.0979 139
2.1016 140
2.10528 141
2.10897 142
2.11263 143
2.1163 144
2.11997 145
2.12363 146
2.1273 147
2.13095 148
2.13462 149
2.1383 150
2.14198 151
2.14565 152
2.14932 153
2.15302 154
2.15668 155
2.1604 156
2.16413 157
2.1678 158
2.17148 159
2.17517 160
2.1792 161
2.18287 162
2.18653 163
2.1902 164
2.19388 165
2.19758 166
2.20123 167
2.2049 168
2.20857 169
2.21222 170
2.21592 171
2.2196 172
2.22337 173
2.22703 174
2.23073 175
2.23438 176
2.23815 177
2.24185 178
2.2457 179
2.24953 180
2.25332 181
2.257 182
2.26067 183
2.26473 184
2.26843 185
2.27212 186
2.2758 187
2.27958 188
2.2833 189
2.28698 190
2.29063 191
2.2943 192
2.29798 193
2.30177 194
2.30543 195
2.30913 196
2.31282 197
2.31653 198
2.32028 199
2.32412 200
2.3278 201
2.3315 202
2.33522 203
2.33892 204
2.34263 205
2.3463 206
2.3503 207
2.35393 208
2.3576 209
2.36123 210
2.36488 211
2.36852 212
2.37218 213
2.37587 214
2.37955 215
2.38595 216
2.38973 217
2.39347 218
2.39717 219
2.40085 220
2.40453 221
2.40822 222
2.41188 223
2.41557 224
2.41928 225
2.42647 226
2.43015 227
2.43412 228
2.43777 229
2.44142 230
2.44508 231
2.44872 232
2.45235 233
2.456 234
2.45965 235
2.4633 236
2.46695 237
2.4706 238
2.47423 239
2.47793 240
2.4818 241
2.48553 242
2.48927 243
2.49293 244
2.49658 245
2.50032 246
2.50415 247
2.5079 248
2.5216 249
 
