0 0
0.4332 1
0.00435 2
0.00418333 3
0.00391667 4
0.00393333 5
1.07045 6
0.00378333 7
0.00378333 8
0.00388333 9
1.38453 10
0.00391667 11
0.00376667 12
0.00376667 13
0.00376667 14
1.38382 15
0.00376667 16
0.00388333 17
0.00381667 18
0.00378333 19
1.38348 20
0.00371667 21
0.0038 22
0.00385 23
0.00376667 24
0.00376667 25
0.00391667 26
0.0038 27
0.00385 28
0.00378333 29
0.00378333 30
0.0038 31
0.00373333 32
0.00371667 33
0.00378333 34
0.00378333 35
0.00373333 36
0.00376667 37
0.00373333 38
0.0038 39
0.00376667 40
0.00376667 41
0.00373333 42
0.0039 43
0.00378333 44
0.00376667 45
0.00376667 46
0.00376667 47
0.00383333 48
0.0038 49
0.00393333 50
0.0038 51
0.00376667 52
0.00388333 53
0.00376667 54
0.00393333 55
0.00381667 56
0.00375 57
0.00376667 58
0.0039 59
0.00383333 60
0.00371667 61
0.00381667 62
0.00376667 63
0.00373333 64
0.0039 65
0.0038 66
0.00376667 67
0.00373333 68
0.00375 69
0.00378333 70
0.00383333 71
0.00378333 72
0.00383333 73
0.00373333 74
0.00381667 75
0.00375 76
0.0038 77
0.0037 78
0.00381667 79
0.00375 80
0.00371667 81
0.0038 82
0.00371667 83
0.00378333 84
0.00375 85
0.00378333 86
0.00381667 87
0.00378333 88
0.0038 89
0.00376667 90
0.00376667 91
0.00378333 92
0.00376667 93
0.00381667 94
0.00376667 95
0.00381667 96
0.00376667 97
0.00373333 98
0.00371667 99
0.00378333 100
0.00371667 101
0.00378333 102
0.00393333 103
0.00378333 104
0.00375 105
0.00376667 106
0.00378333 107
0.0038 108
0.00373333 109
0.00378333 110
0.00376667 111
0.00381667 112
0.00378333 113
0.00378333 114
0.00375 115
0.00381667 116
0.00381667 117
0.0038 118
0.00376667 119
0.0038 120
0.00373333 121
0.00375 122
0.00385 123
0.00386667 124
0.00381667 125
0.00386667 126
0.00383333 127
0.00391667 128
0.00395 129
0.00376667 130
0.00378333 131
0.00386667 132
0.00376667 133
0.00411667 134
0.00381667 135
0.00376667 136
0.00375 137
0.0038 138
0.00463333 139
0.00378333 140
0.00376667 141
0.00381667 142
0.00375 143
0.00381667 144
0.00381667 145
0.0038 146
0.00388333 147
0.00381667 148
0.0038 149
0.00378333 150
0.00376667 151
0.0038 152
0.00441667 153
0.00383333 154
0.0038 155
0.00378333 156
0.0038 157
0.0038 158
0.00373333 159
0.00378333 160
0.00376667 161
0.00383333 162
0.00375 163
0.00376667 164
0.0038 165
0.0038 166
0.00376667 167
0.0038 168
0.00381667 169
0.00376667 170
0.00383333 171
0.00386667 172
0.00386667 173
0.00381667 174
0.00381667 175
0.00376667 176
0.00381667 177
0.00378333 178
0.00381667 179
0.00373333 180
0.00381667 181
0.00381667 182
0.00381667 183
0.00385 184
0.00381667 185
0.0038 186
0.0038 187
0.00378333 188
0.00381667 189
0.00373333 190
0.00378333 191
0.00375 192
0.00373333 193
0.00378333 194
0.00376667 195
0.00378333 196
0.00371667 197
0.00383333 198
0.00381667 199
0.00378333 200
0.00378333 201
0.00378333 202
0.00381667 203
0.00378333 204
0.00373333 205
0.00373333 206
0.0038 207
0.00376667 208
0.00455 209
0.00378333 210
0.00375 211
0.00375 212
0.00376667 213
0.00383333 214
0.00376667 215
0.00381667 216
0.0038 217
0.0038 218
0.00378333 219
0.00385 220
0.00383333 221
0.00383333 222
0.0038 223
0.00376667 224
0.00375 225
0.00626667 226
0.0044 227
0.00376667 228
0.0038 229
0.00378333 230
0.00378333 231
0.00378333 232
0.0038 233
0.00381667 234
0.0038 235
0.00398333 236
0.00378333 237
0.00385 238
0.00378333 239
0.00375 240
0.00378333 241
0.00378333 242
0.00373333 243
0.00381667 244
0.00375 245
0.00376667 246
0.00378333 247
0.0039 248
0.0145 249
 
