0 0
0.4332 1
0.43755 2
0.441733 3
0.44565 4
0.449583 5
1.52003 6
1.52382 7
1.5276 8
1.53148 9
2.91602 10
2.91993 11
2.9237 12
2.92747 13
2.93123 14
4.31505 15
4.31882 16
4.3227 17
4.32652 18
4.3303 19
5.71378 20
5.7175 21
5.7213 22
5.72515 23
5.72892 24
5.73268 25
5.7366 26
5.7404 27
5.74425 28
5.74803 29
5.75182 30
5.75562 31
5.75935 32
5.76307 33
5.76685 34
5.77063 35
5.77437 36
5.77813 37
5.78187 38
5.78567 39
5.78943 40
5.7932 41
5.79693 42
5.80083 43
5.80462 44
5.80838 45
5.81215 46
5.81592 47
5.81975 48
5.82355 49
5.82748 50
5.83128 51
5.83505 52
5.83893 53
5.8427 54
5.84663 55
5.85045 56
5.8542 57
5.85797 58
5.86187 59
5.8657 60
5.86942 61
5.87323 62
5.877 63
5.88073 64
5.88463 65
5.88843 66
5.8922 67
5.89593 68
5.89968 69
5.90347 70
5.9073 71
5.91108 72
5.91492 73
5.91865 74
5.92247 75
5.92622 76
5.93002 77
5.93372 78
5.93753 79
5.94128 80
5.945 81
5.9488 82
5.95252 83
5.9563 84
5.96005 85
5.96383 86
5.96765 87
5.97143 88
5.97523 89
5.979 90
5.98277 91
5.98655 92
5.99032 93
5.99413 94
5.9979 95
6.00172 96
6.00548 97
6.00922 98
6.01293 99
6.01672 100
6.02043 101
6.02422 102
6.02815 103
6.03193 104
6.03568 105
6.03945 106
6.04323 107
6.04703 108
6.05077 109
6.05455 110
6.05832 111
6.06213 112
6.06592 113
6.0697 114
6.07345 115
6.07727 116
6.08108 117
6.08488 118
6.08865 119
6.09245 120
6.09618 121
6.09993 122
6.10378 123
6.10765 124
6.11147 125
6.11533 126
6.11917 127
6.12308 128
6.12703 129
6.1308 130
6.13458 131
6.13845 132
6.14222 133
6.14633 134
6.15015 135
6.15392 136
6.15767 137
6.16147 138
6.1661 139
6.16988 140
6.17365 141
6.17747 142
6.18122 143
6.18503 144
6.18885 145
6.19265 146
6.19653 147
6.20035 148
6.20415 149
6.20793 150
6.2117 151
6.2155 152
6.21992 153
6.22375 154
6.22755 155
6.23133 156
6.23513 157
6.23893 158
6.24267 159
6.24645 160
6.25022 161
6.25405 162
6.2578 163
6.26157 164
6.26537 165
6.26917 166
6.27293 167
6.27673 168
6.28055 169
6.28432 170
6.28815 171
6.29202 172
6.29588 173
6.2997 174
6.30352 175
6.30728 176
6.3111 177
6.31488 178
6.3187 179
6.32243 180
6.32625 181
6.33007 182
6.33388 183
6.33773 184
6.34155 185
6.34535 186
6.34915 187
6.35293 188
6.35675 189
6.36048 190
6.36427 191
6.36802 192
6.37175 193
6.37553 194
6.3793 195
6.38308 196
6.3868 197
6.39063 198
6.39445 199
6.39823 200
6.40202 201
6.4058 202
6.40962 203
6.4134 204
6.41713 205
6.42087 206
6.42467 207
6.42843 208
6.43298 209
6.43677 210
6.44052 211
6.44427 212
6.44803 213
6.45187 214
6.45563 215
6.45945 216
6.46325 217
6.46705 218
6.47083 219
6.47468 220
6.47852 221
6.48235 222
6.48615 223
6.48992 224
6.49367 225
6.49993 226
6.50433 227
6.5081 228
6.5119 229
6.51568 230
6.51947 231
6.52325 232
6.52705 233
6.53087 234
6.53467 235
6.53865 236
6.54243 237
6.54628 238
6.55007 239
6.55382 240
6.5576 241
6.56138 242
6.56512 243
6.56893 244
6.57268 245
6.57645 246
6.58023 247
6.58413 248
6.59863 249
 
