0 0
2.24418 1
0.01015 2
0.00958333 3
0.0095 4
0.00951667 5
0.0094 6
0.169367 7
0.00935 8
0.00925 9
0.00923333 10
0.00946667 11
0.00938333 12
0.00931667 13
0.00925 14
0.00928333 15
0.00925 16
0.00921667 17
0.0095 18
0.00925 19
0.00923333 20
0.00938333 21
0.00916667 22
0.00923333 23
0.00933333 24
0.00918333 25
0.0093 26
0.0093 27
0.00943333 28
0.0094 29
0.00933333 30
0.00938333 31
0.00928333 32
0.00938333 33
0.00955 34
0.00948333 35
0.00941667 36
0.00936667 37
0.0096 38
0.00955 39
0.00965 40
0.00968333 41
0.00956667 42
0.00955 43
0.00941667 44
0.00953333 45
0.0094 46
0.00936667 47
0.00938333 48
0.00956667 49
0.00966667 50
0.00948333 51
0.00931667 52
0.00933333 53
0.00935 54
0.00943333 55
0.00946667 56
0.00945 57
0.00933333 58
0.00938333 59
0.00928333 60
0.00945 61
0.0093 62
0.00928333 63
0.00931667 64
0.00915 65
0.00945 66
0.00928333 67
0.00938333 68
0.00938333 69
0.00926667 70
0.00925 71
0.00955 72
0.00931667 73
0.00958333 74
0.0156167 75
0.0171333 76
0.0177 77
0.0128167 78
0.0122667 79
0.0126833 80
0.01145 81
0.01035 82
0.00938333 83
0.00931667 84
0.00958333 85
0.0111667 86
0.0123833 87
0.0094 88
0.00935 89
0.00933333 90
0.0102667 91
0.0104333 92
0.0112667 93
0.0139 94
0.0122667 95
0.0139667 96
0.0111667 97
0.01515 98
0.01335 99
0.0124333 100
0.01255 101
0.0108 102
0.0107833 103
0.00993333 104
0.0101 105
0.0102 106
0.01025 107
0.012 108
0.0111 109
0.00938333 110
0.00941667 111
0.0094 112
0.00928333 113
0.00923333 114
0.00933333 115
0.0093 116
0.00923333 117
0.00945 118
0.00936667 119
0.00931667 120
0.00956667 121
0.00945 122
0.00955 123
0.00951667 124
0.00956667 125
0.00948333 126
0.0094 127
0.00968333 128
0.0095 129
0.0094 130
0.00948333 131
0.00941667 132
0.00956667 133
0.00935 134
0.0093 135
0.00941667 136
0.00938333 137
0.00956667 138
0.0119 139
0.0122167 140
0.01365 141
0.011 142
0.0130833 143
0.01195 144
0.0125333 145
0.0107 146
0.0101667 147
0.01005 148
0.00946667 149
0.00955 150
0.00961667 151
0.0104167 152
0.01055 153
0.01025 154
0.0113833 155
0.0126167 156
0.0110333 157
0.0101833 158
0.0131833 159
0.0112833 160
0.0107167 161
0.0121667 162
0.0102667 163
0.00981667 164
0.0123333 165
0.0107 166
0.00991667 167
0.00986667 168
0.0114833 169
0.01005 170
0.0098 171
0.00985 172
0.00975 173
0.0098 174
0.0095 175
0.00943333 176
0.0095 177
0.0095 178
0.00946667 179
0.00953333 180
0.00951667 181
0.00948333 182
0.00956667 183
0.00958333 184
0.00953333 185
0.00953333 186
0.00951667 187
0.00956667 188
0.00955 189
0.0096 190
0.00951667 191
0.00946667 192
0.00968333 193
0.00955 194
0.00963333 195
0.00961667 196
0.01005 197
0.00951667 198
0.00948333 199
0.00963333 200
0.0104 201
0.00971667 202
0.0096 203
0.00945 204
0.00933333 205
0.00938333 206
0.00931667 207
0.0093 208
0.00941667 209
0.00936667 210
0.00933333 211
0.00938333 212
0.00946667 213
0.00921667 214
0.00941667 215
0.00935 216
0.00943333 217
0.0093 218
0.00933333 219
0.00933333 220
0.00926667 221
0.00936667 222
0.00943333 223
0.00951667 224
0.00943333 225
0.00958333 226
0.0094 227
0.0094 228
0.00963333 229
0.00938333 230
0.00945 231
0.00946667 232
0.00945 233
0.00938333 234
0.00965 235
0.00958333 236
0.00956667 237
0.00953333 238
0.00966667 239
0.00948333 240
0.00953333 241
0.00946667 242
0.0094 243
0.00938333 244
0.0094 245
0.0094 246
0.0095 247
0.00928333 248
0.00936667 249
 
