0 0
2.24418 1
2.25433 2
2.26392 3
2.27342 4
2.28293 5
2.29233 6
2.4617 7
2.47105 8
2.4803 9
2.48953 10
2.499 11
2.50838 12
2.5177 13
2.52695 14
2.53623 15
2.54548 16
2.5547 17
2.5642 18
2.57345 19
2.58268 20
2.59207 21
2.60123 22
2.61047 23
2.6198 24
2.62898 25
2.63828 26
2.64758 27
2.65702 28
2.66642 29
2.67575 30
2.68513 31
2.69442 32
2.7038 33
2.71335 34
2.72283 35
2.73225 36
2.74162 37
2.75122 38
2.76077 39
2.77042 40
2.7801 41
2.78967 42
2.79922 43
2.80863 44
2.81817 45
2.82757 46
2.83693 47
2.84632 48
2.85588 49
2.86555 50
2.87503 51
2.88435 52
2.89368 53
2.90303 54
2.91247 55
2.92193 56
2.93138 57
2.94072 58
2.9501 59
2.95938 60
2.96883 61
2.97813 62
2.98742 63
2.99673 64
3.00588 65
3.01533 66
3.02462 67
3.034 68
3.04338 69
3.05265 70
3.0619 71
3.07145 72
3.08077 73
3.09035 74
3.10597 75
3.1231 76
3.1408 77
3.15362 78
3.16588 79
3.17857 80
3.19002 81
3.20037 82
3.20975 83
3.21907 84
3.22865 85
3.23982 86
3.2522 87
3.2616 88
3.27095 89
3.28028 90
3.29055 91
3.30098 92
3.31225 93
3.32615 94
3.33842 95
3.35238 96
3.36355 97
3.3787 98
3.39205 99
3.40448 100
3.41703 101
3.42783 102
3.43862 103
3.44855 104
3.45865 105
3.46885 106
3.4791 107
3.4911 108
3.5022 109
3.51158 110
3.521 111
3.5304 112
3.53968 113
3.54892 114
3.55825 115
3.56755 116
3.57678 117
3.58623 118
3.5956 119
3.60492 120
3.61448 121
3.62393 122
3.63348 123
3.643 124
3.65257 125
3.66205 126
3.67145 127
3.68113 128
3.69063 129
3.70003 130
3.70952 131
3.71893 132
3.7285 133
3.73785 134
3.74715 135
3.75657 136
3.76595 137
3.77552 138
3.78742 139
3.79963 140
3.81328 141
3.82428 142
3.83737 143
3.84932 144
3.86185 145
3.87255 146
3.88272 147
3.89277 148
3.90223 149
3.91178 150
3.9214 151
3.93182 152
3.94237 153
3.95262 154
3.964 155
3.97662 156
3.98765 157
3.99783 158
4.01102 159
4.0223 160
4.03302 161
4.04518 162
4.05545 163
4.06527 164
4.0776 165
4.0883 166
4.09822 167
4.10808 168
4.11957 169
4.12962 170
4.13942 171
4.14927 172
4.15902 173
4.16882 174
4.17832 175
4.18775 176
4.19725 177
4.20675 178
4.21622 179
4.22575 180
4.23527 181
4.24475 182
4.25432 183
4.2639 184
4.27343 185
4.28297 186
4.29248 187
4.30205 188
4.3116 189
4.3212 190
4.33072 191
4.34018 192
4.34987 193
4.35942 194
4.36905 195
4.37867 196
4.38872 197
4.39823 198
4.40772 199
4.41735 200
4.42775 201
4.43747 202
4.44707 203
4.45652 204
4.46585 205
4.47523 206
4.48455 207
4.49385 208
4.50327 209
4.51263 210
4.52197 211
4.53135 212
4.54082 213
4.55003 214
4.55945 215
4.5688 216
4.57823 217
4.58753 218
4.59687 219
4.6062 220
4.61547 221
4.62483 222
4.63427 223
4.64378 224
4.65322 225
4.6628 226
4.6722 227
4.6816 228
4.69123 229
4.70062 230
4.71007 231
4.71953 232
4.72898 233
4.73837 234
4.74802 235
4.7576 236
4.76717 237
4.7767 238
4.78637 239
4.79585 240
4.80538 241
4.81485 242
4.82425 243
4.83363 244
4.84303 245
4.85243 246
4.86193 247
4.87122 248
4.88058 249
 
